
 30

((t3: 0.033779, t24: 0.060732): 0.089591, ((t22: 0.060489, ((t1: 0.000000, t7: 0.000000): 0.000000, t17: 0.000000): 0.152350): 0.000000, t18: 0.021877): 0.020803, (((((t21: 0.057807, t19: 0.061715): 0.072357, t16: 0.177745): 0.020019, t15: 0.158666): 0.051465, (t5: 0.071339, (t8: 0.049618, t23: 0.054793): 0.045582): 0.098465): 0.012166, (t14: 0.182706, ((t9: 0.138966, (t27: 0.129758, (t29: 0.167305, ((t20: 0.075047, ((t10: 0.000000, t28: 0.009559): 0.009914, t30: 0.019495): 0.027136): 0.021897, t12: 0.136071): 0.032304): 0.000000): 0.000000): 0.033054, (((t13: 0.060891, t6: 0.076072): 0.045225, ((t25: 0.000000, t11: 0.009923): 0.073164, (t2: 0.035854, t4: 0.127048): 0.070089): 0.011431): 0.000000, t26: 0.060606): 0.041223): 0.000000): 0.010465): 0.115186);

  0.089591  0.033779  0.060732  0.020803  0.000000  0.060489  0.152350  0.000000  0.000000  0.000000  0.000000  0.021877  0.115186  0.012166  0.051465  0.020019  0.072357  0.057807  0.061715  0.177745  0.158666  0.098465  0.071339  0.045582  0.049618  0.054793  0.010465  0.182706  0.000000  0.033054  0.138966  0.000000  0.129758  0.000000  0.167305  0.032304  0.021897  0.075047  0.027136  0.009914  0.000000  0.009559  0.019495  0.136071  0.041223  0.000000  0.045225  0.060891  0.076072  0.011431  0.073164  0.000000  0.009923  0.070089  0.035854  0.127048  0.060606

  0.000000  0.000000  0.000000  0.000000 -7.754931  0.000000  0.000000 -54.003885 -54.003887 -54.003887 -54.003885  0.000000  0.000000  0.000000  0.000000  0.000000  0.000000  0.000000  0.000000  0.000000  0.000000  0.000000  0.000000  0.000000  0.000000  0.000000  0.000000  0.000000 -43.900452  0.000000  0.000000 -42.188424  0.000000 -42.997141  0.000000  0.000000  0.000000  0.000000  0.000000  0.000000 -54.907326  0.000000  0.000000  0.000000  0.000000 -40.215435  0.000000  0.000000  0.000000  0.000000  0.000000 -50.518025  0.000000  0.000000  0.000000  0.000000  0.000000


Hessian

     -742.2      53.26      29.68     -93.55      111.8      183.3      68.82      27.94      27.94      27.94      27.94      192.6      64.88     -583.7      7.353      23.46      104.3      115.1     -354.8     -14.24     -41.25      13.12      19.46      152.8      169.9      200.8      149.6     -88.19      26.41     -159.3     -44.29     -11.61      -30.5     -4.305      151.1     -156.3      161.1      10.29      -91.7      161.9      17.28      98.19        207     -120.2      207.9      42.27     -95.09     -116.6      109.7      166.3      188.2      31.12      222.6      115.7     -21.44        -42      42.51
      53.26      -2083     -42.93      90.37      59.09     -832.6      17.75      33.49      33.49      33.49      33.49      -1054     -94.52        108       -977     -290.1      52.37     -65.93     -177.6     -117.8     -16.83      137.9      238.2     -294.7      220.5      248.9      20.42      -92.5      20.12      243.1     -37.28      27.68      200.8       68.2     -162.5      151.7      204.6      250.7      276.2        255      61.72      182.5      296.2      16.34      192.5      46.15      96.84     -357.9      226.7      173.9     -214.7      45.36      254.3      204.1      146.7     -47.91     -566.6
      29.68     -42.93      -1374     -699.2       -581     -430.3     -211.2      61.95      61.95      61.95      61.95      84.13     -193.7      180.8      114.7      6.388     -55.72      153.2      144.8     -91.67     -62.51      163.4      197.6     -132.5     -111.8     -421.9      208.6     -30.04      29.03      208.4      45.11       42.2      53.62      32.37      21.55      145.9     -889.8      2.447     -280.9      220.8      52.07      164.3      269.6     -20.25     -161.4      13.32      123.1     -449.4      182.7     -766.7      127.3      30.79      224.6     -125.9      139.1       -103      175.7
     -93.55      90.37     -699.2      -2891      58.08      169.4     -148.9      54.64      54.64      54.64      54.64      196.9     -42.07      252.1      193.6     -345.7     -450.7        158        144     -120.1     -7.777     -62.19      232.6      221.5      205.6     -654.3     -82.08     -85.34      31.49      197.6     -365.6      41.08     -43.65     -109.9     -220.5      139.3      230.9       -393      133.8      209.6      38.29      138.8      252.7     -250.5      207.9      66.02      178.2     -17.76     -179.4      223.2      216.9      45.77        255     -439.4      120.6      34.95      230.7
      111.8      59.09       -581      58.08      -1299     -532.6     -125.3      20.35      20.35      20.35      20.35     -28.12      57.41      187.2      125.5      84.08      110.3      89.18      95.65     -134.4      80.11      97.69      117.1      74.91      62.33     -496.1      115.2      99.17      4.205      126.3      101.9      28.56      99.14      24.34      89.17      75.24     -181.8      70.78      -1055         77      20.96      74.49      116.2      105.7     -746.9     -12.26      96.11      41.95      102.9      108.3      93.12      19.37      125.3      70.21      76.78     -169.4      118.3
      183.3     -832.6     -430.3      169.4     -532.6      -1425      14.71      11.53      11.53      11.53      11.53     -707.6     -98.63      265.3     -219.3     -89.48      93.54     -275.2     -44.99     -98.65     -22.71        116      180.7     -171.5      146.9     -38.42      63.76      80.27     -1.906      197.8      44.19      9.401      151.1      27.81     -62.25       97.1     -496.9      197.8     -218.7      185.8      32.34      126.9      233.6        189     -182.6      13.87      115.1     -317.4      161.1        169     -71.77      9.353        184     -88.29        109     -51.94      -22.8
      68.82      17.75     -211.2     -148.9     -125.3      14.71     -435.8      25.78      25.78      25.78      25.78      192.1     -32.77      273.3     -47.29      43.22     -118.6      5.225      134.8     -33.41     -83.98      128.2     -42.58      155.2      105.2     -217.6      182.9      91.76      14.52     -284.2      114.1      16.11      89.28      20.76      9.002      134.4     -96.94     -50.23     -166.6      168.3      20.53      103.6      211.2     -6.232     -129.1     -25.15      139.6     -0.759      168.3     -34.08     -195.7      17.98      195.1     -76.32     -75.79     -144.9     -29.04
      27.94      33.49      61.95      54.64      20.35      11.53      25.78     -48.28     -48.28     -48.28     -48.28      26.57      3.911      72.36      34.13     -9.158      18.49      -24.9     -16.81       11.3      15.65     -7.284     0.2248      15.07     -5.903      41.78      10.25      6.341     -36.51     -3.965      4.484     -35.01     -4.963     -35.42      4.502     -13.49      35.41     0.1174      64.47     -16.56     -48.02     -56.39      5.528      13.88       9.98     -32.41     -8.765      21.34     -3.324      7.959     -9.812      -43.2      7.206      3.323    -0.7018      8.192      16.19
      27.94      33.49      61.95      54.64      20.35      11.53      25.78     -48.28     -48.28     -48.28     -48.28      26.57      3.911      72.36      34.13     -9.158      18.49      -24.9     -16.81       11.3      15.65     -7.284     0.2248      15.07     -5.903      41.78      10.25      6.341     -36.51     -3.965      4.484     -35.01     -4.963     -35.42      4.502     -13.49      35.41     0.1174      64.47     -16.56     -48.02     -56.39      5.528      13.88       9.98     -32.41     -8.765      21.34     -3.324      7.959     -9.812      -43.2      7.206      3.323    -0.7018      8.192      16.19
      27.94      33.49      61.95      54.64      20.35      11.53      25.78     -48.28     -48.28     -48.28     -48.28      26.57      3.911      72.36      34.13     -9.158      18.49      -24.9     -16.81       11.3      15.65     -7.284     0.2248      15.07     -5.903      41.78      10.25      6.341     -36.51     -3.965      4.484     -35.01     -4.963     -35.42      4.502     -13.49      35.41     0.1174      64.47     -16.56     -48.02     -56.39      5.528      13.88       9.98     -32.41     -8.765      21.34     -3.324      7.959     -9.812      -43.2      7.206      3.323    -0.7018      8.192      16.19
      27.94      33.49      61.95      54.64      20.35      11.53      25.78     -48.28     -48.28     -48.28     -48.28      26.57      3.911      72.36      34.13     -9.158      18.49      -24.9     -16.81       11.3      15.65     -7.284     0.2248      15.07     -5.903      41.78      10.25      6.341     -36.51     -3.965      4.484     -35.01     -4.963     -35.42      4.502     -13.49      35.41     0.1174      64.47     -16.56     -48.02     -56.39      5.528      13.88       9.98     -32.41     -8.765      21.34     -3.324      7.959     -9.812      -43.2      7.206      3.323    -0.7018      8.192      16.19
      192.6      -1054      84.13      196.9     -28.12     -707.6      192.1      26.57      26.57      26.57      26.57      -4014      171.3      247.2     -421.4      70.99       61.6      151.5      153.4     -133.1      118.2      142.4      166.5     -712.5      160.4      152.9      216.2      196.8      40.08        238     -146.3      44.69        185      37.92     -393.1      178.1      153.5      204.3      165.1      185.2      25.18      113.8      228.1      210.9      166.9         52       -822      147.9      174.1      221.6      201.2      30.57      226.4      174.8      206.7      172.6      246.6
      64.88     -94.52     -193.7     -42.07      57.41     -98.63     -32.77      3.911      3.911      3.911      3.911      171.3     -694.4      148.9      59.37     -10.42     -11.45     -124.4      11.18     -52.77     -16.96      77.55      134.9     -27.13     -28.73     -5.471       -595      97.19     -28.75     -165.4     -5.598     -2.554      107.3      1.027     -38.11      61.39     -590.7      39.09      205.1        158      10.84       85.8      198.4      140.1      144.6      17.87      97.22       -281     -13.13      146.7     -86.02     -2.792      157.1      104.6     -136.1      -82.8      68.68
     -583.7        108      180.8      252.1      187.2      265.3      273.3      72.36      72.36      72.36      72.36      247.2      148.9      -4976      10.03     -40.34      63.63        173      191.6      171.2     -261.2      40.75      145.1      167.8      1.535        261     -600.9     -183.6      46.12      185.5     -423.4      87.39      252.2      82.51      278.6      270.6      250.3      304.6      354.7      282.6       74.7      208.2      306.4     -388.9      314.1      99.82      -1308      172.7      4.493      318.1      300.6      82.11      291.8      261.8     -78.24     -471.5      306.3
      7.353       -977      114.7      193.6      125.5     -219.3     -47.29      34.13      34.13      34.13      34.13     -421.4      59.37      10.03      -1013     -149.4     -20.01       62.7      39.61     -33.01      11.38      139.9     -222.8     -86.01      178.2      267.3      16.79       -111      25.28       -109      85.05      24.87     -24.25      46.94       33.8      150.4        168      227.1        282      208.8      36.69      135.1      245.4     -68.86      186.9      44.52      113.6      6.619     -82.89      227.9      50.74      41.75        238      161.9     -45.43      19.31     -566.2
      23.46     -290.1      6.388     -345.7      84.08     -89.48      43.22     -9.158     -9.158     -9.158     -9.158      70.99     -10.42     -40.34     -149.4      -2025     -99.85     -70.06     -71.27     -30.19     -3.894      62.18      89.48      110.6      105.8      27.58     -109.8     -258.8     -10.96      55.27     -77.71      -3.58      78.32     -10.05     -30.44      86.94        109      40.89      214.8      142.1     0.9522      67.72      178.7     -6.058      116.5      14.48      26.01      -37.9      32.29      147.3     -42.37     0.3119        160      2.363     -1.676     0.9933      -42.9
      104.3      52.37     -55.72     -450.7      110.3      93.54     -118.6      18.49      18.49      18.49      18.49       61.6     -11.45      63.63     -20.01     -99.85     -853.1      75.03      102.8     -3.722     -125.5      135.3      107.6      107.9     -60.14     -64.79     -767.5     -31.73     -10.54      8.247     -45.21      24.24      85.18      21.91      -84.8      137.6        136      2.053      239.3      169.4      15.94      95.76      208.3     -116.6     -132.4      37.19      145.6      137.8      1.974      190.4     -42.52      30.49      219.9     -57.89     -272.1      -68.9      192.5
      115.1     -65.93      153.2        158      89.18     -275.2      5.225      -24.9      -24.9      -24.9      -24.9      151.5     -124.4        173       62.7     -70.06      75.03      -1339     -97.46      2.338     -23.28      94.05      135.8      128.5      109.4      177.8       51.7      49.26     -18.46     -376.8      56.79     -19.71      99.24     -3.772     -33.79      48.53      77.73      135.6      199.4      106.5     -17.62      32.24      147.5     -20.88      132.6      6.114      67.92      3.122      102.1      119.7     -207.2     -10.32      147.2      91.71      83.43     -57.99      46.49
     -354.8     -177.6      144.8        144      95.65     -44.99      134.8     -16.81     -16.81     -16.81     -16.81      153.4      11.18      191.6      39.61     -71.27      102.8     -97.46      -1247       22.7     -5.136      109.8      158.5      150.9      132.4      200.3      50.09     -185.4     -7.788       96.2      50.01     -43.68     -2.739     -11.61      53.64     -338.9      63.24     -63.42      221.7      132.8     -3.702      58.65      173.7      11.83      144.5      15.07      78.14      -27.8     -94.43      145.8     -23.97     -7.046      152.7      116.5      100.1      61.94      20.12
     -14.24     -117.8     -91.67     -120.1     -134.4     -98.65     -33.41       11.3       11.3       11.3       11.3     -133.1     -52.77      171.2     -33.01     -30.19     -3.722      2.338       22.7     -332.9      83.03       66.6         59      22.68      138.7       -118      115.8      67.51      13.95     -61.09      84.47     -1.341      25.21      15.45     0.1307     -50.58      80.36     -72.05     -10.87      138.3      6.355      76.66     -146.2     -21.58      19.21       23.8        121      45.47       61.6      6.716      70.54   -0.01827       -454      29.63     -89.13     -54.86      144.2
     -41.25     -16.83     -62.51     -7.777      80.11     -22.71     -83.98      15.65      15.65      15.65      15.65      118.2     -16.96     -261.2      11.38     -3.894     -125.5     -23.28     -5.136      83.03     -375.2      2.944      26.66     -15.49      115.6      145.8      60.93      9.672      8.928      78.01      39.47      1.839      21.33     -8.045     -12.64     -48.28     -189.2      110.1      238.9      174.4      20.08      102.7      213.6      30.98     -107.7     -3.515     -28.37     -98.98      70.63      164.4     -254.4      18.21      194.5      131.9      105.8     -68.17      39.36
      13.12      137.9      163.4     -62.19      97.69        116      128.2     -7.284     -7.284     -7.284     -7.284      142.4      77.55      40.75      139.9      62.18      135.3      94.05      109.8       66.6      2.944     -678.6     -86.81     -162.9      25.02        130      15.38      118.3     -4.397      99.68     -26.16      4.482     -95.34        -32      17.38      96.19      42.42     -30.07     -88.95      113.5     -6.319      53.19     -350.9     -110.1     -134.5     -5.811       51.6     -15.08      2.656      104.2      98.85     -24.45     -835.5      21.79      110.8      108.5     -201.7
      19.46      238.2      197.6      232.6      117.1      180.7     -42.58     0.2248     0.2248     0.2248     0.2248      166.5      134.9      145.1     -222.8      89.48      107.6      135.8      158.5         59      26.66     -86.81      -1010     -68.09     -9.708      8.588      137.1      77.63       11.3     -343.4       51.8      2.389     -80.39      15.44       95.8      130.3      68.36     -57.69      196.1      140.1      1.125      67.26      195.1      30.46       -135     -53.37      105.4      180.3     -44.13        114     -1.718      8.464      207.8     -202.1     -149.1      29.03     -437.2
      152.8     -294.7     -132.5      221.5      74.91     -171.5      155.2      15.07      15.07      15.07      15.07     -712.5     -27.13      167.8     -86.01      110.6      107.9      128.5      150.9      22.68     -15.49     -162.9     -68.09      -1475     -234.6      76.16      135.5      61.26      19.85      113.2      152.3       24.4      -54.4      13.28      -96.4      74.25     -674.8      152.1      146.4        144      14.33      79.17      214.8      136.7      126.1     -1.196      130.6      169.5        141      -1021      88.14      13.54      207.1      39.76      120.8        152      93.16
      169.9      220.5     -111.8      205.6      62.33      146.9      105.2     -5.903     -5.903     -5.903     -5.903      160.4     -28.73      1.535      178.2      105.8     -60.14      109.4      132.4      138.7      115.6      25.02     -9.708     -234.6      -1512     -98.52      -1213     -43.17     -35.46      163.1      19.38      23.97      12.52      20.03      64.51      141.5        124      81.42      152.2      -1904      -3.06      -2014      209.9      174.2      41.07     -24.86      105.5     -153.8     -99.13     -923.3      41.13      7.952      232.6     -138.5     -351.4      152.7        146
      200.8      248.9     -421.9     -654.3     -496.1     -38.42     -217.6      41.78      41.78      41.78      41.78      152.9     -5.471        261      267.3      27.58     -64.79      177.8      200.3       -118      145.8        130      8.588      76.16     -98.52      -1250      145.6      66.31       32.7      204.4      58.14      54.45      168.9      34.98     -233.8      178.9      80.38     -529.7     -850.2      189.4      46.41        142      284.8      13.17     -426.9     -38.23      156.4      233.4      192.5     -54.69      55.42         34      281.6       -448      150.1      87.25      93.35
      149.6      20.42      208.6     -82.08      115.2      63.76      182.9      10.25      10.25      10.25      10.25      216.2       -595     -600.9      16.79     -109.8     -767.5       51.7      50.09      115.8      60.93      15.38      137.1      135.5      -1213      145.6      -5644      198.2     -168.7      214.4     -489.4      50.07      155.4       23.1      196.5      196.4      190.6      268.2      315.4      237.2      50.72      162.6      277.4      256.9      220.5      72.78      174.3      104.5       -911      260.8      149.2      51.99      265.5      188.3      -1911      160.1      189.2
     -88.19      -92.5     -30.04     -85.34      99.17      80.27      91.76      6.341      6.341      6.341      6.341      196.8      97.19     -183.6       -111     -258.8     -31.73      49.26     -185.4      67.51      9.672      118.3      77.63      61.26     -43.17      66.31      198.2     -366.9      13.64      140.6     -35.97      3.941     -39.28      12.91      26.52     -28.17      106.8     -59.13      208.9     -433.5       7.76      79.66     -145.8      2.169      23.62      17.06     -6.632     -22.05     -87.46     -163.9      71.78      11.25      179.2      34.41      159.7      51.85     -61.67
      26.41      20.12      29.03      31.49      4.205     -1.906      14.52     -36.51     -36.51     -36.51     -36.51      40.08     -28.75      46.12      25.28     -10.96     -10.54     -18.46     -7.788      13.95      8.928     -4.397       11.3      19.85     -35.46       32.7     -168.7      13.64     -34.97     -7.618     -10.82     -26.29      3.163     -28.25      14.13    -0.1358     -8.791      19.51      31.25      6.038     -35.13     -31.94      29.12      21.14     -1.347     -23.57      3.669   -0.01374     -26.37      22.98       3.01     -32.53      27.18       6.73     -57.21      4.418      16.66
     -159.3      243.1      208.4      197.6      126.3      197.8     -284.2     -3.965     -3.965     -3.965     -3.965        238     -165.4      185.5       -109      55.27      8.247     -376.8       96.2     -61.09      78.01      99.68     -343.4      113.2      163.1      204.4      214.4      140.6     -7.618      -2733      129.8     -56.64        100     0.4854      126.1      88.43       74.5      130.9      163.8      116.5     -11.93      43.08      158.3     -125.3      140.9      26.98      147.4      142.8      161.4      160.5      155.4      9.576      185.3     -1.618     -451.6     -159.8      181.3
     -44.29     -37.28      45.11     -365.6      101.9      44.19      114.1      4.484      4.484      4.484      4.484     -146.3     -5.598     -423.4      85.05     -77.71     -45.21      56.79      50.01      84.47      39.47     -26.16       51.8      152.3      19.38      58.14     -489.4     -35.97     -10.82      129.8     -557.3      10.58      36.69     -11.86     -65.86      112.6      104.2      71.07     -41.19      151.5      11.94       87.8       -327      18.29      183.5      28.19     -226.3     -90.57     -184.8        161      71.17      14.36      188.1      36.42      -85.2      -34.8     -21.81
     -11.61      27.68       42.2      41.08      28.56      9.401      16.11     -35.01     -35.01     -35.01     -35.01      44.69     -2.554      87.39      24.87      -3.58      24.24     -19.71     -43.68     -1.341      1.839      4.482      2.389       24.4      23.97      54.45      50.07      3.941     -26.29     -56.64      10.58     -41.42     -38.74     -32.52      11.23     -147.6     -21.57     -3.394       37.6      6.976     -35.22     -32.12      28.95      11.24       37.8     -19.11      8.968     -1.942       17.2      24.22      9.185      -31.9      28.48      2.763     -3.071      7.046      26.55
      -30.5      200.8      53.62     -43.65      99.14      151.1      89.28     -4.963     -4.963     -4.963     -4.963        185      107.3      252.2     -24.25      78.32      85.18      99.24     -2.739      25.21      21.33     -95.34     -80.39      -54.4      12.52      168.9      155.4     -39.28      3.163        100      36.69     -38.74     -624.6     -46.26      130.1     -381.4      29.33      39.37     -41.06      113.3     -9.377       47.3      156.7      129.4      164.8      4.249        104     -98.16     -180.4       -334      116.8     -2.385      156.9      82.32     -68.06      69.76     -213.4
     -4.305       68.2      32.37     -109.9      24.34      27.81      20.76     -35.42     -35.42     -35.42     -35.42      37.92      1.027      82.51      46.94     -10.05      21.91     -3.772     -11.61      15.45     -8.045        -32      15.44      13.28      20.03      34.98       23.1      12.91     -28.25     0.4854     -11.86     -32.52     -46.26     -51.68      10.18     -74.87     -27.43      11.96      26.13      3.889     -36.85     -35.18      25.79      13.39      37.68      -19.8      8.045      15.99     -40.02      21.67       26.9     -33.19      25.85     -6.839      21.13       20.6       45.9
      151.1     -162.5      21.55     -220.5      89.17     -62.25      9.002      4.502      4.502      4.502      4.502     -393.1     -38.11      278.6       33.8     -30.44      -84.8     -33.79      53.64     0.1307     -12.64      17.38       95.8      -96.4      64.51     -233.8      196.5      26.52      14.13      126.1     -65.86      11.23      130.1      10.18     -465.3      109.2      95.49     -47.71    -0.8564      149.3      7.924      79.88     -135.1       14.7      174.6      27.07     -7.436      51.44      72.74      146.5     -117.4      11.38      180.9     -182.1      134.6      110.8      106.9
     -156.3      151.7      145.9      139.3      75.24       97.1      134.4     -13.49     -13.49     -13.49     -13.49      178.1      61.39      270.6      150.4      86.94      137.6      48.53     -338.9     -50.58     -48.28      96.19      130.3      74.25      141.5      178.9      196.4     -28.17    -0.1358      88.43      112.6     -147.6     -381.4     -74.87      109.2      -2513     -250.9     -209.6       86.6        118      -10.5      45.87      158.4      96.52      151.8      13.46      112.7      84.83      121.9      140.9      116.1     -10.84      143.4      100.3      133.8      114.7      150.1
      161.1      204.6     -889.8      230.9     -181.8     -496.9     -96.94      35.41      35.41      35.41      35.41      153.5     -590.7      250.3        168        109        136      77.73      63.24      80.36     -189.2      42.42      68.36     -674.8        124      80.38      190.6      106.8     -8.791       74.5      104.2     -21.57      29.33     -27.43      95.49     -250.9      -3402      184.7     -48.51      218.2      44.49      150.4      260.1      63.63      71.06     -1.699      89.89     -613.5      107.6      115.1      133.6     -20.85        124      45.82      115.9      94.26      130.8
      10.29      250.7      2.447       -393      70.78      197.8     -50.23     0.1174     0.1174     0.1174     0.1174      204.3      39.09      304.6      227.1      40.89      2.053      135.6     -63.42     -72.05      110.1     -30.07     -57.69      152.1      81.42     -529.7      268.2     -59.13      19.51      130.9      71.07     -3.394      39.37      11.96     -47.71     -209.6      184.7      -1145      58.23      144.8      4.908      74.74      186.9      21.81     -169.7     -59.99      123.4      193.7    -0.3888      153.7     -10.72      4.305      174.1     -83.56      158.9      154.1      -36.8
      -91.7      276.2     -280.9      133.8      -1055     -218.7     -166.6      64.47      64.47      64.47      64.47      165.1      205.1      354.7        282      214.8      239.3      199.4      221.7     -10.87      238.9     -88.95      196.1      146.4      152.2     -850.2      315.4      208.9      31.25      163.8     -41.19       37.6     -41.06      26.13    -0.8564       86.6     -48.51      58.23      -2871      172.9      56.48      173.3      244.4        182     -522.5      1.211      164.8     -196.2      184.4      141.2      233.7      43.84        235       -278      234.3      19.18     -204.2
      161.9        255      220.8      209.6         77      185.8      168.3     -16.56     -16.56     -16.56     -16.56      185.2        158      282.6      208.8      142.1      169.4      106.5      132.8      138.3      174.4      113.5      140.1        144      -1904      189.4      237.2     -433.5      6.038      116.5      151.5      6.976      113.3      3.889      149.3        118      218.2      144.8      172.9 -1.032e+04     -42.71     -9.491      100.5      140.2      160.7      15.88       92.6      -1500      119.9      148.5      163.6      -10.2      105.6      130.1      147.3      135.3      196.1
      17.28      61.72      52.07      38.29      20.96      32.34      20.53     -48.02     -48.02     -48.02     -48.02      25.18      10.84       74.7      36.69     0.9522      15.94     -17.62     -3.702      6.355      20.08     -6.319      1.125      14.33      -3.06      46.41      50.72       7.76     -35.13     -11.93      11.94     -35.22     -9.377     -36.85      7.924      -10.5      44.49      4.908      56.48     -42.71     -50.72     -70.01     0.4254      4.036      23.86     -29.67     -7.599      24.86       1.09      5.004      13.14     -44.01      5.463     -3.237      4.045      2.581       37.3
      98.19      182.5      164.3      138.8      74.49      126.9      103.6     -56.39     -56.39     -56.39     -56.39      113.8       85.8      208.2      135.1      67.72      95.76      32.24      58.65      76.66      102.7      53.19      67.26      79.17      -2014        142      162.6      79.66     -31.94      43.08       87.8     -32.12       47.3     -35.18      79.88      45.87      150.4      74.74      173.3     -9.491     -70.01 -1.096e+04      67.21      72.61      110.6     -21.67      51.58      113.5      67.87      75.41      90.14     -48.78      76.64      59.54      73.54         70        136
        207      296.2      269.6      252.7      116.2      233.6      211.2      5.528      5.528      5.528      5.528      228.1      198.4      306.4      245.4      178.7      208.3      147.5      173.7     -146.2      213.6     -350.9      195.1      214.8      209.9      284.8      277.4     -145.8      29.12      158.3       -327      28.95      156.7      25.79     -135.1      158.4      260.1      186.9      244.4      100.5     0.4254      67.21      -5141     -267.3      212.8      38.82      163.8      222.9     -508.9      190.7      204.1     -109.1      -5037      172.6      188.8      178.9        243
     -120.2      16.34     -20.25     -250.5      105.7        189     -6.232      13.88      13.88      13.88      13.88      210.9      140.1     -388.9     -68.86     -6.058     -116.6     -20.88      11.83     -21.58      30.98     -110.1      30.46      136.7      174.2      13.17      256.9      2.169      21.14     -125.3      18.29      11.24      129.4      13.39       14.7      96.52      63.63      21.81        182      140.2      4.036      72.61     -267.3     -617.4      25.61       30.1     -34.59      164.2      167.4      170.4      76.33    -0.4035     -677.6     -38.38    -0.2346     -13.76       82.3
      207.9      192.5     -161.4      207.9     -746.9     -182.6     -129.1       9.98       9.98       9.98       9.98      166.9      144.6      314.1      186.9      116.5     -132.4      132.6      144.5      19.21     -107.7     -134.5       -135      126.1      41.07     -426.9      220.5      23.62     -1.347      140.9      183.5       37.8      164.8      37.68      174.6      151.8      71.06     -169.7     -522.5      160.7      23.86      110.6      212.8      25.61      -1980       -138      125.1      166.4      195.3      168.6     -124.5      15.64      198.7      134.1      194.7      5.485     -147.2
      42.27      46.15      13.32      66.02     -12.26      13.87     -25.15     -32.41     -32.41     -32.41     -32.41         52      17.87      99.82      44.52      14.48      37.19      6.114      15.07       23.8     -3.515     -5.811     -53.37     -1.196     -24.86     -38.23      72.78      17.06     -23.57      26.98      28.19     -19.11      4.249      -19.8      27.07      13.46     -1.699     -59.99      1.211      15.88     -29.67     -21.67      38.82       30.1       -138     -55.72      3.187      13.83      30.03     -62.71     -60.96     -30.49      31.86      4.351      35.77      18.42     -69.38
     -95.09      96.84      123.1      178.2      96.11      115.1      139.6     -8.765     -8.765     -8.765     -8.765       -822      97.22      -1308      113.6      26.01      145.6      67.92      78.14        121     -28.37       51.6      105.4      130.6      105.5      156.4      174.3     -6.632      3.669      147.4     -226.3      8.968        104      8.045     -7.436      112.7      89.89      123.4      164.8       92.6     -7.599      51.58      163.8     -34.59      125.1      3.187      -1818      16.12      84.85      143.8      89.49     -4.451      158.8      121.6        161     -104.1      102.6
     -116.6     -357.9     -449.4     -17.76      41.95     -317.4     -0.759      21.34      21.34      21.34      21.34      147.9       -281      172.7      6.619      -37.9      137.8      3.122      -27.8      45.47     -98.98     -15.08      180.3      169.5     -153.8      233.4      104.5     -22.05   -0.01374      142.8     -90.57     -1.942     -98.16      15.99      51.44      84.83     -613.5      193.7     -196.2      -1500      24.86      113.5      222.9      164.2      166.4      13.83      16.12      -1319      110.5      140.7     -55.21       4.96      175.5      144.4      143.6     -92.53     -241.5
      109.7      226.7      182.7     -179.4      102.9      161.1      168.3     -3.324     -3.324     -3.324     -3.324      174.1     -13.13      4.493     -82.89      32.29      1.974      102.1     -94.43       61.6      70.63      2.656     -44.13        141     -99.13      192.5       -911     -87.46     -26.37      161.4     -184.8       17.2     -180.4     -40.02      72.74      121.9      107.6    -0.3888      184.4      119.9       1.09      67.87     -508.9      167.4      195.3      30.03      84.85      110.5      -1071      169.4      173.9      7.607      179.4     -47.91     -190.1      144.8     -38.79
      166.3      173.9     -766.7      223.2      108.3        169     -34.08      7.959      7.959      7.959      7.959      221.6      146.7      318.1      227.9      147.3      190.4      119.7      145.8      6.716      164.4      104.2        114      -1021     -923.3     -54.69      260.8     -163.9      22.98      160.5        161      24.22       -334      21.67      146.5      140.9      115.1      153.7      141.2      148.5      5.004      75.41      190.7      170.4      168.6     -62.71      143.8      140.7      169.4      -4469     -367.7      15.77      202.8     -163.8     -288.4      62.94      162.3
      188.2     -214.7      127.3      216.9      93.12     -71.77     -195.7     -9.812     -9.812     -9.812     -9.812      201.2     -86.02      300.6      50.74     -42.37     -42.52     -207.2     -23.97      70.54     -254.4      98.85     -1.718      88.14      41.13      55.42      149.2      71.78       3.01      155.4      71.17      9.185      116.8       26.9     -117.4      116.1      133.6     -10.72      233.7      163.6      13.14      90.14      204.1      76.33     -124.5     -60.96      89.49     -55.21      173.9     -367.7      -1091      13.55        195      96.18      14.65     -68.85     -200.7
      31.12      45.36      30.79      45.77      19.37      9.353      17.98      -43.2      -43.2      -43.2      -43.2      30.57     -2.792      82.11      41.75     0.3119      30.49     -10.32     -7.046   -0.01827      18.21     -24.45      8.464      13.54      7.952         34      51.99      11.25     -32.53      9.576      14.36      -31.9     -2.385     -33.19      11.38     -10.84     -20.85      4.305      43.84      -10.2     -44.01     -48.78     -109.1    -0.4035      15.64     -30.49     -4.451       4.96      7.607      15.77      13.55     -47.03     -226.5     -4.589      22.17      7.324      23.85
      222.6      254.3      224.6        255      125.3        184      195.1      7.206      7.206      7.206      7.206      226.4      157.1      291.8        238        160      219.9      147.2      152.7       -454      194.5     -835.5      207.8      207.1      232.6      281.6      265.5      179.2      27.18      185.3      188.1      28.48      156.9      25.85      180.9      143.4        124      174.1        235      105.6      5.463      76.64      -5037     -677.6      198.7      31.86      158.8      175.5      179.4      202.8        195     -226.5      -9958      156.7      210.1      175.7        213
      115.7      204.1     -125.9     -439.4      70.21     -88.29     -76.32      3.323      3.323      3.323      3.323      174.8      104.6      261.8      161.9      2.363     -57.89      91.71      116.5      29.63      131.9      21.79     -202.1      39.76     -138.5       -448      188.3      34.41       6.73     -1.618      36.42      2.763      82.32     -6.839     -182.1      100.3      45.82     -83.56       -278      130.1     -3.237      59.54      172.6     -38.38      134.1      4.351      121.6      144.4     -47.91     -163.8      96.18     -4.589      156.7      -1100      14.08      120.5      172.1
     -21.44      146.7      139.1      120.6      76.78        109     -75.79    -0.7018    -0.7018    -0.7018    -0.7018      206.7     -136.1     -78.24     -45.43     -1.676     -272.1      83.43      100.1     -89.13      105.8      110.8     -149.1      120.8     -351.4      150.1      -1911      159.7     -57.21     -451.6      -85.2     -3.071     -68.06      21.13      134.6      133.8      115.9      158.9      234.3      147.3      4.045      73.54      188.8    -0.2346      194.7      35.77        161      143.6     -190.1     -288.4      14.65      22.17      210.1      14.08      -1970      35.39      207.9
        -42     -47.91       -103      34.95     -169.4     -51.94     -144.9      8.192      8.192      8.192      8.192      172.6      -82.8     -471.5      19.31     0.9933      -68.9     -57.99      61.94     -54.86     -68.17      108.5      29.03        152      152.7      87.25      160.1      51.85      4.418     -159.8      -34.8      7.046      69.76       20.6      110.8      114.7      94.26      154.1      19.18      135.3      2.581         70      178.9     -13.76      5.485      18.42     -104.1     -92.53      144.8      62.94     -68.85      7.324      175.7      120.5      35.39       -598        114
      42.51     -566.6      175.7      230.7      118.3      -22.8     -29.04      16.19      16.19      16.19      16.19      246.6      68.68      306.3     -566.2      -42.9      192.5      46.49      20.12      144.2      39.36     -201.7     -437.2      93.16        146      93.35      189.2     -61.67      16.66      181.3     -21.81      26.55     -213.4       45.9      106.9      150.1      130.8      -36.8     -204.2      196.1       37.3        136        243       82.3     -147.2     -69.38      102.6     -241.5     -38.79      162.3     -200.7      23.85        213      172.1      207.9        114      -1326
