
 30

((t3: 0.037470, t24: 0.048239): 0.085211, ((t22: 0.050461, ((t1: 0.000004, t7: 0.000004): 0.000004, t17: 0.000004): 0.149166): 0.011779, t18: 0.020132): 0.022458, (((((t21: 0.055954, t19: 0.057903): 0.056162, t16: 0.168708): 0.016567, t15: 0.147908): 0.059259, (t5: 0.076009, (t8: 0.041060, t23: 0.068455): 0.036309): 0.086980): 0.019487, (t14: 0.184923, ((t9: 0.131579, (t27: 0.132922, (t29: 0.156654, ((t20: 0.073739, ((t10: 0.000004, t28: 0.009894): 0.009933, t30: 0.020133): 0.030971): 0.020018, t12: 0.120635): 0.031139): 0.000004): 0.000004): 0.030403, (((t13: 0.063115, t6: 0.074564): 0.046143, ((t25: 0.000004, t11: 0.009945): 0.064000, (t2: 0.036458, t4: 0.126474): 0.068563): 0.014268): 0.000004, t26: 0.057652): 0.041696): 0.000004): 0.000004): 0.108132);

  0.085211  0.037470  0.048239  0.022458  0.011779  0.050461  0.149166  0.000004  0.000004  0.000004  0.000004  0.020132  0.108132  0.019487  0.059259  0.016567  0.056162  0.055954  0.057903  0.168708  0.147908  0.086980  0.076009  0.036309  0.041060  0.068455  0.000004  0.184923  0.000004  0.030403  0.131579  0.000004  0.132922  0.000004  0.156654  0.031139  0.020018  0.073739  0.030971  0.009933  0.000004  0.009894  0.020133  0.120635  0.041696  0.000004  0.046143  0.063115  0.074564  0.014268  0.064000  0.000004  0.009945  0.068563  0.036458  0.126474  0.057652

  0.000000  0.000000  0.000000  0.000000  0.000000  0.000000  0.000000 -101.515882 -101.515926 -101.515926 -101.515882  0.000000  0.000000  0.000000  0.000000  0.000000  0.000000  0.000000  0.000000  0.000000  0.000000  0.000000  0.000000  0.000000  0.000000  0.000000 -32.827261  0.000000 -92.158958  0.000000  0.000000 -95.698358  0.000000 -96.254524  0.000000  0.000000  0.000000  0.000000  0.000000  0.000000 -101.399881  0.000000  0.000000  0.000000  0.000000 -76.509976  0.000000  0.000000  0.000000  0.000000  0.000000 -100.750557  0.000000  0.000000  0.000000  0.000000  0.000000


Hessian

     -963.6      97.53      87.78      35.86        245      185.7      38.21      35.76      35.76      35.76      35.76      206.5      104.6     -377.8     -7.942      56.27      166.5      134.5     -473.3     -34.34     -54.88      5.313      20.06      189.5      191.7      217.1      168.8     -126.6      24.21     -242.7     -43.79      27.15     -31.56      33.73      180.6     -242.4      172.3      3.913       -178      178.7       35.9      110.1      221.1     -170.6      212.2      91.18     -122.3     -153.8      187.5        220      202.9      37.15        220      146.8     -144.4     -6.766      3.046
      97.53      -2158     -23.62     -65.51      219.7     -894.2     -102.4      76.01      76.01      76.01      76.01      -1074     -170.3      262.7      -1080     -105.5        162     -18.62     -77.72     -146.8      16.91      183.8      224.6     -501.8        224      233.7      88.66       -134     -28.55      226.8      -4.03      14.67      214.6      82.89     -178.2      149.7      205.6        202      278.3      220.7      76.15      150.5      262.9     -46.06      201.4      84.96      184.9     -451.8      226.7      240.7     -204.9      76.84      261.4      173.3      214.4     -137.4     -700.9
      87.78     -23.62      -1709     -724.3      -1826     -187.5     -183.7      75.45      75.45      75.45      75.45      201.3     -141.7      304.6      239.7       -154     -73.84      194.7      208.1     -142.5     -14.44      219.3      236.2     -132.5       -119     -643.9      226.9     -41.35      91.53        230         55       85.4      47.63      80.91      72.79      191.3     -813.3     -69.49     -443.8      218.1      75.59      149.9      261.2      30.37     -286.4      120.4      201.1     -340.5      239.8      -1208        224      76.82      260.5     -116.9      239.5      -91.3        270
      35.86     -65.51     -724.3      -3321      261.3      178.9     -162.5      74.57      74.57      74.57      74.57      147.6      18.93        237      209.8     -541.8       -363      189.9        201     -129.5     -181.3     -303.7      234.8        184      227.5     -346.8      27.66     -29.87       86.7      218.9     -488.4      80.87     -138.3     -64.56     -85.14      199.4      208.1     -347.5      268.2      219.4      74.71      149.1      261.8     -146.8      249.1        132      194.8      12.54     -378.5      263.9      237.5      75.96      260.2       -403      228.1      101.9      274.1
        245      219.7      -1826      261.3      -6217     -289.7      54.64      74.93      74.93      74.93      74.93      157.5      24.33      308.3        267      193.7      251.5        195      213.9     -319.6      97.26      222.9        240      205.9      228.3     -944.2      228.3      235.3      87.05      230.5      233.3      85.99      232.7      84.78      220.2      196.8     -780.9      222.8      -2311      213.4      75.06      149.5      259.1      226.2      -1704      116.8      202.9     -83.97      240.4      269.1      238.3      76.32      260.8        208      242.7     -470.1      277.4
      185.7     -894.2     -187.5      178.9     -289.7      -1778      65.84      15.39      15.39      15.39      15.39     -817.1     -198.3      221.4     -418.1      -53.9      171.1     -393.1     -66.59     -37.58     -31.25      135.9      169.4     -372.7      169.5      189.7       61.9      44.06     -59.49      168.6      10.53     -28.59      162.6      23.29     -124.1      93.11       -660      172.9      160.1      159.8      15.53      89.94      202.1        169      112.7      37.19        131     -428.6      170.4      199.2     -159.5      16.35      200.5     -148.2      163.4     -19.84     -144.4
      38.21     -102.4     -183.7     -162.5      54.64      65.84     -524.1      38.68      38.68      38.68      38.68      191.7     -33.78      262.1     -120.1      17.93     -119.3       19.5        177     -40.37      -96.2      182.6      -18.1      189.1      190.6       -129      191.2      100.3      56.12     -328.5      133.1      41.58      131.7      46.68      23.94      169.8     -161.7     -32.29     -28.77        181      38.82      112.8      222.6        -26      4.971     -78.06      85.55     -29.09      203.1      -6.25     -176.8       39.7      221.3     -124.4       -126     -107.3      26.38
      35.76      76.01      75.45      74.57      74.93      15.39      38.68     -157.4     -157.4     -157.4     -157.4      32.92      11.72      78.69      68.03      -23.5      28.07     -28.23     -11.03      16.81      35.95     -3.943      12.72      15.36      4.162      54.97      0.155      14.68     -135.4      2.667       13.1     -144.9      6.682     -146.6      8.938     -14.78      12.88      9.219      59.88     -11.79     -157.2      -82.4      31.01      6.226      26.59     -98.76     -20.92      38.84      14.91         39      18.37     -155.9       29.1     -11.86      21.41      11.23      57.41
      35.76      76.01      75.45      74.57      74.93      15.39      38.68     -157.4     -157.4     -157.4     -157.4      32.92      11.72      78.69      68.03      -23.5      28.07     -28.23     -11.03      16.81      35.95     -3.943      12.72      15.36      4.162      54.97     0.1549      14.68     -135.4      2.667       13.1     -144.9      6.682     -146.6      8.938     -14.78      12.88      9.219      59.88     -11.79     -157.2      -82.4      31.01      6.226      26.59     -98.76     -20.92      38.84      14.91         39      18.37     -155.9       29.1     -11.86      21.41      11.23      57.41
      35.76      76.01      75.45      74.57      74.93      15.39      38.68     -157.4     -157.4     -157.4     -157.4      32.92      11.72      78.69      68.03      -23.5      28.07     -28.23     -11.03      16.81      35.95     -3.943      12.72      15.36      4.162      54.97     0.1549      14.68     -135.4      2.667       13.1     -144.9      6.682     -146.6      8.938     -14.78      12.88      9.219      59.88     -11.79     -157.2      -82.4      31.01      6.226      26.59     -98.76     -20.92      38.84      14.91         39      18.37     -155.9       29.1     -11.86      21.41      11.23      57.41
      35.76      76.01      75.45      74.57      74.93      15.39      38.68     -157.4     -157.4     -157.4     -157.4      32.92      11.72      78.69      68.03      -23.5      28.07     -28.23     -11.03      16.81      35.95     -3.943      12.72      15.36      4.162      54.97      0.155      14.68     -135.4      2.667       13.1     -144.9      6.682     -146.6      8.938     -14.78      12.88      9.219      59.88     -11.79     -157.2      -82.4      31.01      6.226      26.59     -98.76     -20.92      38.84      14.91         39      18.37     -155.9       29.1     -11.86      21.41      11.23      57.41
      206.5      -1074      201.3      147.6      157.5     -817.1      191.7      32.92      32.92      32.92      32.92      -4704      180.9      213.7     -589.3      129.9      181.6      159.5      176.9     -145.5      197.7      159.1      169.9      -1131        180      224.5      186.7      196.7      54.48      188.5     -221.8      44.17      192.5      40.97     -531.4      172.7      150.1      191.1      239.5        178      33.06      107.6      220.4      188.5      208.8      89.97     -947.6      198.4      195.4      228.4      206.2      34.33      218.7      170.1      208.8      193.5      245.2
      104.6     -170.3     -141.7      18.93      24.33     -198.3     -33.78      11.72      11.72      11.72      11.72      180.9     -787.8     -250.9      56.94      23.29     -42.27     -130.3      46.65     -49.68      4.373      137.6      166.8     -93.61     -77.36      28.64     -481.2      103.9     -29.19     -176.5     -9.572     -7.606      159.2      18.58     -45.29      115.4     -806.7      3.698      215.4      155.4      11.86      86.03      197.1      152.2      174.6      52.92      132.1     -282.1      14.59      199.7     -129.7      12.85      195.5        123     -113.2     -82.64      50.15
     -377.8      262.7      304.6        237      308.3      221.4      262.1      78.69      78.69      78.69      78.69      213.7     -250.9      -4398      140.7      123.8     -615.2      196.2      212.8      224.8       -143      148.4        191      205.7     -887.3      238.4      -2545      -88.4      -87.8      219.9     -616.1      85.36      221.3      85.22      228.1      217.9      245.8      241.8        291      223.6      78.83      153.3      261.9     -238.7      258.1      134.1     -911.2      248.2     -470.2      273.5      247.4      80.03      256.1      191.6      -1066     -225.2      271.9
     -7.942      -1080      239.7      209.8        267     -418.1     -120.1      68.03      68.03      68.03      68.03     -589.3      56.94      140.7      -1249      2.324      80.77      75.02      50.07     -104.3      114.9      185.1     -273.5     -244.5      183.3      264.8      51.93     -105.5      14.45     -367.3      89.21      29.77     -18.21      76.19     -10.93      168.9      233.1      224.4      281.3      212.4      68.17      142.5      253.1       -115      210.5      97.24      170.3     -13.17     -50.73      253.8     -11.16       69.1        250        189     -299.3     -10.38     -630.2
      56.27     -105.5       -154     -541.8      193.7      -53.9      17.93      -23.5      -23.5      -23.5      -23.5      129.9      23.29      123.8      2.324      -3675     -162.2     -67.49     -66.03     -75.03      82.56      100.3      128.5      129.1      120.4     -85.56      43.04     -404.9     -47.36      112.5     -104.6     -36.49      114.8     -21.96      -62.1      92.03      140.3     -111.7      187.4      121.6     -23.36      51.25        162     -45.67      128.8      17.78      80.37      19.12      107.4      164.4      -10.8     -22.33      158.1     -149.3        103      47.49      16.73
      166.5        162     -73.84       -363      251.5      171.1     -119.3      28.07      28.07      28.07      28.07      181.6     -42.27     -615.2      80.77     -162.2      -1406        133      148.5      31.24     -107.6      166.8      170.8      176.8       -253     -15.49       -881     -22.24      16.11      160.3     -101.5      36.92      115.1      34.64     -63.78      160.6      194.4     -26.91      239.4      172.6      28.21      102.6        214     -120.2     -236.7      83.05      158.7        179     -71.71      217.7     -109.2      29.15      211.6     -71.81       -328     -64.94      229.6
      134.5     -18.62      194.7      189.9        195     -393.1       19.5     -28.23     -28.23     -28.23     -28.23      159.5     -130.3      196.2      75.02     -67.49        133      -1596     -38.93       11.2     -22.13      115.1      139.5      142.6        128      179.4      76.55      72.92     -46.94     -500.8       70.6     -47.29      124.9      -19.7      -60.1      84.24      139.5      133.1        187      116.4     -28.09      46.37      158.6     -41.26      136.8         16      100.6       30.5      133.5      160.3     -299.3     -27.31      156.8      110.5        133     -98.29      39.75
     -473.3     -77.72      208.1        201      213.9     -66.59        177     -11.03     -11.03     -11.03     -11.03      176.9      46.65      212.8      50.07     -66.03      148.5     -38.93      -1520      13.74     -13.05      129.4      156.4      159.6      145.2      196.4      80.39     -242.1     -39.96        141      65.43     -42.88     -11.94     -13.92      72.65     -486.6      146.6     -103.5      203.5      133.5     -10.89      63.53      175.7     -11.31      149.1      28.57      114.2      1.608     -101.4      178.5      -21.7     -9.866        174      128.2      148.1      57.76      8.731
     -34.34     -146.8     -142.5     -129.5     -319.6     -37.58     -40.37      16.81      16.81      16.81      16.81     -145.5     -49.68      224.8     -104.3     -75.03      31.24       11.2      13.74       -445      119.8      73.31      77.28     -10.51      166.5     -99.28      143.2      76.71      21.27      -66.8      95.39      11.22      33.46         22    -0.1807     -67.88        175     -112.5     -11.06      157.7      16.95      90.82     -143.6     -19.04      8.666      66.47      145.2      47.69      88.88   -0.03793      70.27       13.5     -492.1      47.25     -117.7     -83.36        170
     -54.88      16.91     -14.44     -181.3      97.26     -31.25      -96.2      35.95      35.95      35.95      35.95      197.7      4.373       -143      114.9      82.56     -107.6     -22.13     -13.05      119.8     -497.5      7.136      5.697      91.84      185.3      115.9      114.9      20.32      16.42      180.8      25.84      28.53       29.7      14.81     -4.496     -96.73     -188.5      77.11      243.4      178.9      36.09        110      220.1      41.02     -172.9     -89.04     -98.69     -104.3      83.81      219.8     -312.3       36.8      218.5      113.6      189.3     -71.65      84.68
      5.313      183.8      219.3     -303.7      222.9      135.9      182.6     -3.943     -3.943     -3.943     -3.943      159.1      137.6      148.4      185.1      100.3      166.8      115.1      129.4      73.31      7.136     -945.5      -92.6     -119.9      87.48      150.9      60.68      149.2      8.842      147.7     -70.73       4.31     -138.9     -34.31      43.73      132.9      152.1     -10.85     -205.8      136.9     -3.809      70.45     -440.3     -173.4     -126.1      42.55      106.8     -39.01     -22.25      174.7      149.8     -10.85      -1069      60.58        151      144.8     -220.4
      20.06      224.6      236.2      234.8        240      169.4      -18.1      12.72      12.72      12.72      12.72      169.9      166.8        191     -273.5      128.5      170.8      139.5      156.4      77.28      5.697      -92.6      -1074     -141.2      55.54        -77        120      86.74      28.55     -310.9      59.67      15.63     -37.15      22.53      36.58        153      171.6     -30.63      224.2      156.8      12.86      87.13      196.3      37.85     -157.8     -240.5     -3.885      201.1     -34.58      185.1      58.46      13.92      191.9     -282.5     -229.6      55.87     -364.3
      189.5     -501.8     -132.5        184      205.9     -372.7      189.1      15.36      15.36      15.36      15.36      -1131     -93.61      205.7     -244.5      129.1      176.8      142.6      159.6     -10.51      91.84     -119.9     -141.2      -1965     -121.6     -1.752      154.1      70.82      36.51      162.6      176.3      27.48        -83      24.42     -125.3      146.4      -1184      168.4        215      145.4      15.48      82.83      197.1      166.9      184.2      57.83      145.8      204.4      175.7     -935.4      174.3      16.67        190      140.5      176.4      178.6     -26.88
      191.7        224       -119      227.5      228.3      169.5      190.6      4.162      4.162      4.162      4.162        180     -77.36     -887.3      183.3      120.4       -253        128      145.2      166.5      185.3      87.48      55.54     -121.6      -1996     -119.5      -1205     -85.69      -11.7      162.5     -36.77       15.5       25.2      14.63      90.55      145.5      167.4      158.4      210.7      -2364      1.439      -2421      184.9      163.8      170.6      44.28      127.5     -214.2     -171.2     -911.5      162.1      5.545      189.4     -35.75     -476.8      160.3      209.8
      217.1      233.7     -643.9     -346.8     -944.2      189.7       -129      54.97      54.97      54.97      54.97      224.5      28.64      238.4      264.8     -85.56     -15.49      179.4      196.4     -99.28      115.9      150.9        -77     -1.752     -119.5      -1185      150.4      36.33      71.37      211.8      73.55      66.63      107.4      61.04       -195      193.3      206.8     -466.4     -764.2      188.7      55.09      125.5        240      65.36     -543.5     -235.6      24.49      244.4      207.1     -604.9      78.63      56.18      239.6     -545.4      188.6      73.32      110.9
      168.8      88.66      226.9      27.66      228.3       61.9      191.2      0.155     0.1549     0.1549      0.155      186.7     -481.2      -2545      51.93      43.04       -881      76.55      80.39      143.2      114.9      60.68        120      154.1      -1205      150.4      -3189      125.2     -95.82      156.5     -423.8     -4.347      119.6     -4.152      125.4      129.5      164.8      164.3      215.9      145.5     0.2937      74.92      188.1      149.6      171.3      49.68      97.69      100.5     -726.2      193.4      87.74      1.453      186.3      110.2      -1413      90.73      120.5
     -126.6       -134     -41.35     -29.87      235.3      44.06      100.3      14.68      14.68      14.68      14.68      196.7      103.9      -88.4     -105.5     -404.9     -22.24      72.92     -242.1      76.71      20.32      149.2      86.74      70.82     -85.69      36.33      125.2     -440.5     -10.23      168.2     -44.28      2.952     -43.56      18.35       31.6     -74.81      174.9     -91.01      222.3     -459.2      14.36      88.61     -122.5     -13.07      29.85      55.59     -8.065     -8.488     -93.38     -239.9       70.9      15.91      196.2      47.47      177.1      59.28     -131.4
      24.21     -28.55      91.53       86.7      87.05     -59.49      56.12     -135.4     -135.4     -135.4     -135.4      54.48     -29.19      -87.8      14.45     -47.36      16.11     -46.94     -39.96      21.27      16.42      8.842      28.55      36.51      -11.7      71.37     -95.82     -10.23     -142.6      11.31     -37.93     -135.8      23.89     -125.4     -2.439     -4.335       34.3      28.86      78.44      10.08     -135.3      -60.5      52.86      3.904      32.58     -87.03     -54.62     -17.23      8.323       58.6     -37.83     -134.1      50.99      6.461     -11.48     -30.66     -4.963
     -242.7      226.8        230      218.9      230.5      168.6     -328.5      2.667      2.667      2.667      2.667      188.5     -176.5      219.9     -367.3      112.5      160.3     -500.8        141      -66.8      180.8      147.7     -310.9      162.6      162.5      211.8      156.5      168.2      11.31      -3231      167.2     -27.99      162.6      12.48      163.3        142        170      166.2      218.2      147.6      2.805      77.32        190     -157.8      184.3      60.73        137      194.1      172.1      197.8      173.8      4.068      188.3      124.3     -760.2     -141.6      212.3
     -43.79      -4.03         55     -488.4      233.3      10.53      133.1       13.1       13.1       13.1       13.1     -221.8     -9.572     -616.1      89.21     -104.6     -101.5       70.6      65.43      95.39      25.84     -70.73      59.67      176.3     -36.77      73.55     -423.8     -44.28     -37.93      167.2     -658.5     0.5602      17.48     -8.151     -71.02      131.4      175.4      46.31     -65.08      154.2      13.24      87.29     -231.9      6.223      177.5      55.09     -244.9     -83.23     -199.2      199.6      48.47      14.32      196.2      11.58     -66.16     -45.83     -82.77
      27.15      14.67       85.4      80.87      85.99     -28.59      41.58     -144.9     -144.9     -144.9     -144.9      44.17     -7.606      85.36      29.77     -36.49      36.92     -47.29     -42.88      11.22      28.53       4.31      15.63      27.48       15.5      66.63     -4.347      2.952     -135.8     -27.99     0.5602     -141.5      3.576     -135.4      1.502     -57.99      24.34      11.26      70.46       0.68     -144.7     -69.91      42.09      11.27      34.09      -90.9     -12.18       5.52      23.64      50.12     -14.28     -143.5      41.58     -1.085      11.32     -5.249      20.87
     -31.56      214.6      47.63     -138.3      232.7      162.6      131.7      6.682      6.682      6.682      6.682      192.5      159.2      221.3     -18.21      114.8      115.1      124.9     -11.94      33.46       29.7     -138.9     -37.15        -83       25.2      107.4      119.6     -43.56      23.89      162.6      17.48      3.576       -660     -21.05      162.3     -401.3      161.8      51.54     -71.69      149.2      6.818      80.88      191.1      162.2      184.7      57.54        135     -86.48     -184.7     -387.9      162.4      8.048      189.8      141.4     -36.71      89.58     -258.8
      33.73      82.89      80.91     -64.56      84.78      23.29      46.68     -146.6     -146.6     -146.6     -146.6      40.97      18.58      85.22      76.19     -21.96      34.64      -19.7     -13.92         22      14.81     -34.31      22.53      24.42      14.63      61.04     -4.152      18.35     -125.4      12.48     -8.151     -135.4     -21.05     -147.2      15.18     -46.21      21.67      9.837      67.06     -1.041     -146.4     -71.63       40.5      13.82      37.03     -88.14     -11.13      46.31     -21.93      49.62      26.26     -145.2      39.81     -5.471      31.55      20.93      65.19
      180.6     -178.2      72.79     -85.14      220.2     -124.1      23.94      8.938      8.938      8.938      8.938     -531.4     -45.29      228.1     -10.93      -62.1     -63.78      -60.1      72.65    -0.1807     -4.496      43.73      36.58     -125.3      90.55       -195      125.4       31.6     -2.439      163.3     -71.02      1.502      162.3      15.18     -543.2      130.4      171.6     -45.81     -21.72      150.1      9.072      83.02     -175.3      28.48      175.5      53.91     -21.16      81.12      66.95      193.2     -178.4      9.927      191.3     -188.1      169.1      108.6      92.66
     -242.4      149.7      191.3      199.4      196.8      93.11      169.8     -14.78     -14.78     -14.78     -14.78      172.7      115.4      217.9      168.9      92.03      160.6      84.24     -486.6     -67.88     -96.73      132.9        153      146.4      145.5      193.3      129.5     -74.81     -4.335        142      131.4     -57.99     -401.3     -46.21      130.4      -3031      54.85     -307.6      180.1      130.1     -14.65       59.9      171.5      132.1      163.1      39.56      117.6      126.2      153.1      179.5      120.3     -13.44      168.8      126.5      159.1      130.4      156.4
      172.3      205.6     -813.3      208.1     -780.9       -660     -161.7      12.88      12.88      12.88      12.88      150.1     -806.7      245.8      233.1      140.3      194.4      139.5      146.6        175     -188.5      152.1      171.6      -1184      167.4      206.8      164.8      174.9       34.3        170      175.4      24.34      161.8      21.67      171.6      54.85      -4678      149.7      161.7      157.7      13.02      87.57      198.8      152.6      185.1      69.78      137.5     -623.8      176.9      208.4      185.1      14.27      195.6      150.1      188.7      174.4      217.8
      3.913        202     -69.49     -347.5      222.8      172.9     -32.29      9.219      9.219      9.219      9.219      191.1      3.698      241.8      224.4     -111.7     -26.91      133.1     -103.5     -112.5      77.11     -10.85     -30.63      168.4      158.4     -466.4      164.3     -91.01      28.86      166.2      46.31      11.26      51.54      9.837     -45.81     -307.6      149.7      -1261      200.9      153.4      9.357      83.69      195.5      27.46     -177.4     -255.1     -12.93      194.2      -23.4      196.5      49.69      10.45      193.8     -184.5      178.9      170.7      73.01
       -178      278.3     -443.8      268.2      -2311      160.1     -28.77      59.88      59.88      59.88      59.88      239.5      215.4        291      281.3      187.4      239.4        187      203.5     -11.06      243.4     -205.8      224.2        215      210.7     -764.2      215.9      222.3      78.44      218.2     -65.08      70.46     -71.69      67.06     -21.72      180.1      161.7      200.9      -3010      180.3      59.99      134.4      237.7      216.3     -591.5      107.7      187.9     -314.3      223.6      247.8      231.9      61.24      240.1     -308.2      226.2     -76.49     -338.4
      178.7      220.7      218.1      219.4      213.4      159.8        181     -11.79     -11.79     -11.79     -11.79        178      155.4      223.6      212.4      121.6      172.6      116.4      133.5      157.7      178.9      136.9      156.8      145.4      -2364      188.7      145.5     -459.2      10.08      147.6      154.2       0.68      149.2     -1.041      150.1      130.1      157.7      153.4      180.3 -1.004e+04      -19.3      62.98      134.2      148.2      169.2      46.68      112.9      -1478      149.9      184.1      162.8      -10.5      157.8      131.5      166.2      153.8      200.3
       35.9      76.15      75.59      74.71      75.06      15.53      38.82     -157.2     -157.2     -157.2     -157.2      33.06      11.86      78.83      68.17     -23.36      28.21     -28.09     -10.89      16.95      36.09     -3.809      12.86      15.48      1.439      55.09     0.2937      14.36     -135.3      2.805      13.24     -144.7      6.818     -146.4      9.072     -14.65      13.02      9.357      59.99      -19.3     -157.1     -86.27      31.11      6.362      26.72     -98.62     -20.79      37.73      15.04      39.14      18.51     -155.8      29.22     -11.73      21.55      11.36      57.55
      110.1      150.5      149.9      149.1      149.5      89.94      112.8      -82.4      -82.4      -82.4      -82.4      107.6      86.03      153.3      142.5      51.25      102.6      46.37      63.53      90.82        110      70.45      87.13      82.83      -2421      125.5      74.92      88.61      -60.5      77.32      87.29     -69.91      80.88     -71.63      83.02       59.9      87.57      83.69      134.4      62.98     -86.27 -1.029e+04      105.7      80.48      101.2     -23.88       53.7      113.3      89.36      113.7      92.87     -80.99      103.8      62.66      96.02      85.45      131.9
      221.1      262.9      261.2      261.8      259.1      202.1      222.6      31.01      31.01      31.01      31.01      220.4      197.1      261.9      253.1        162        214      158.6      175.7     -143.6      220.1     -440.3      196.3      197.1      184.9        240      188.1     -122.5      52.86        190     -231.9      42.09      191.1       40.5     -175.3      171.5      198.8      195.5      237.7      134.2      31.11      105.7      -4877     -271.5      212.6      89.43      160.8      216.5     -518.4      226.6      204.9     -1.484      -4901      174.1      208.5      195.8      243.2
     -170.6     -46.06      30.37     -146.8      226.2        169        -26      6.226      6.226      6.226      6.226      188.5      152.2     -238.7       -115     -45.67     -120.2     -41.26     -11.31     -19.04      41.02     -173.4      37.85      166.9      163.8      65.36      149.6     -13.07      3.904     -157.8      6.223      11.27      162.2      13.82      28.48      132.1      152.6      27.46      216.3      148.2      6.362      80.48     -271.5     -736.6     -28.96      61.76     -72.23      191.2      172.3      196.7      26.08      1.303     -740.4     -4.908      -82.5      6.416      44.81
      212.2      201.4     -286.4      249.1      -1704      112.7      4.971      26.59      26.59      26.59      26.59      208.8      174.6      258.1      210.5      128.8     -236.7      136.8      149.1      8.666     -172.9     -126.1     -157.8      184.2      170.6     -543.5      171.3      29.85      32.58      184.3      177.5      34.09      184.7      37.03      175.5      163.1      185.1     -177.4     -591.5      169.2      26.72      101.2      212.6     -28.96      -2253     -474.6     -103.9      186.4      191.7      212.1     -54.19      27.67      211.9     -14.01      195.1     -51.25     -42.19
      91.18      84.96      120.4        132      116.8      37.19     -78.06     -98.76     -98.76     -98.76     -98.76      89.97      52.92      134.1      97.24      17.78      83.05         16      28.57      66.47     -89.04      42.55     -240.5      57.83      44.28     -235.6      49.68      55.59     -87.03      60.73      55.09      -90.9      57.54     -88.14      53.91      39.56      69.78     -255.1      107.7      46.68     -98.62     -23.88      89.43      61.76     -474.6     -525.2     -198.3      63.93      67.97      59.65     -150.9     -97.63      87.61     -115.1      72.56      50.24     -139.8
     -122.3      184.9      201.1      194.8      202.9        131      85.55     -20.92     -20.92     -20.92     -20.92     -947.6      132.1     -911.2      170.3      80.37      158.7      100.6      114.2      145.2     -98.69      106.8     -3.885      145.8      127.5      24.49      97.69     -8.065     -54.62        137     -244.9     -12.18        135     -11.13     -21.16      117.6      137.5     -12.93      187.9      112.9     -20.79       53.7      160.8     -72.23     -103.9     -198.3      -1950      136.1      128.8      169.9      45.08     -19.66      164.4      43.39      148.1     -67.21       67.4
     -153.8     -451.8     -340.5      12.54     -83.97     -428.6     -29.09      38.84      38.84      38.84      38.84      198.4     -282.1      248.2     -13.17      19.12        179       30.5      1.608      47.69     -104.3     -39.01      201.1      204.4     -214.2      244.4      100.5     -8.488     -17.23      194.1     -83.23       5.52     -86.48      46.31      81.12      126.2     -623.8      194.2     -314.3      -1478      37.73      113.3      216.5      191.2      186.4      63.93      136.1      -1427      182.6      223.4     -66.85      39.88      223.6      176.1      190.4     -96.87     -358.7
      187.5      226.7      239.8     -378.5      240.4      170.4      203.1      14.91      14.91      14.91      14.91      195.4      14.59     -470.2     -50.73      107.4     -71.71      133.5     -101.4      88.88      83.81     -22.25     -34.58      175.7     -171.2      207.1     -726.2     -93.38      8.323      172.1     -199.2      23.64     -184.7     -21.93      66.95      153.1      176.9      -23.4      223.6      149.9      15.04      89.36     -518.4      172.3      191.7      67.97      128.8      182.6      -1221        207      176.6      16.29      199.5     -55.97     -208.9      165.8     -51.46
        220      240.7      -1208      263.9      269.1      199.2      -6.25         39         39         39         39      228.4      199.7      273.5      253.8      164.4      217.7      160.3      178.5   -0.03793      219.8      174.7      185.1     -935.4     -911.5     -604.9      193.4     -239.9       58.6      197.8      199.6      50.12     -387.9      49.62      193.2      179.5      208.4      196.5      247.8      184.1      39.14      113.7      226.6      196.7      212.1      59.65      169.9      223.4        207      -5404     -136.1      40.11      224.9      124.8     -266.2      77.47      236.4
      202.9     -204.9        224      237.5      238.3     -159.5     -176.8      18.37      18.37      18.37      18.37      206.2     -129.7      247.4     -11.16      -10.8     -109.2     -299.3      -21.7      70.27     -312.3      149.8      58.46      174.3      162.1      78.63      87.74       70.9     -37.83      173.8      48.47     -14.28      162.4      26.26     -178.4      120.3      185.1      49.69      231.9      162.8      18.51      92.87      204.9      26.08     -54.19     -150.9      45.08     -66.85      176.6     -136.1      -1317      18.39      203.2       86.4       29.1     -138.5     -156.2
      37.15      76.84      76.82      75.96      76.32      16.35       39.7     -155.9     -155.9     -155.9     -155.9      34.33      12.85      80.03       69.1     -22.33      29.15     -27.31     -9.866       13.5       36.8     -10.85      13.92      16.67      5.545      56.18      1.453      15.91     -134.1      4.068      14.32     -143.5      8.048     -145.2      9.927     -13.44      14.27      10.45      61.24      -10.5     -155.8     -80.99     -1.484      1.303      27.67     -97.63     -19.66      39.88      16.29      40.11      18.39       -155     -37.62     -10.56      22.68      12.29      58.32
        220      261.4      260.5      260.2      260.8      200.5      221.3       29.1       29.1       29.1       29.1      218.7      195.5      256.1        250      158.1      211.6      156.8        174     -492.1      218.5      -1069      191.9        190      189.4      239.6      186.3      196.2      50.99      188.3      196.2      41.58      189.8      39.81      191.3      168.8      195.6      193.8      240.1      157.8      29.22      103.8      -4901     -740.4      211.9      87.61      164.4      223.6      199.5      224.9      203.2     -37.62 -1.007e+04      172.9      206.8      194.5      242.3
      146.8      173.3     -116.9       -403        208     -148.2     -124.4     -11.86     -11.86     -11.86     -11.86      170.1        123      191.6        189     -149.3     -71.81      110.5      128.2      47.25      113.6      60.58     -282.5      140.5     -35.75     -545.4      110.2      47.47      6.461      124.3      11.58     -1.085      141.4     -5.471     -188.1      126.5      150.1     -184.5     -308.2      131.5     -11.73      62.66      174.1     -4.908     -14.01     -115.1      43.39      176.1     -55.97      124.8       86.4     -10.56      172.9      -1297      109.4      142.3      123.8
     -144.4      214.4      239.5      228.1      242.7      163.4       -126      21.41      21.41      21.41      21.41      208.8     -113.2      -1066     -299.3        103       -328        133      148.1     -117.7      189.3        151     -229.6      176.4     -476.8      188.6      -1413      177.1     -11.48     -760.2     -66.16      11.32     -36.71      31.55      169.1      159.1      188.7      178.9      226.2      166.2      21.55      96.02      208.5      -82.5      195.1      72.56      148.1      190.4     -208.9     -266.2       29.1      22.68      206.8      109.4      -2321      89.22      210.3
     -6.766     -137.4      -91.3      101.9     -470.1     -19.84     -107.3      11.23      11.23      11.23      11.23      193.5     -82.64     -225.2     -10.38      47.49     -64.94     -98.29      57.76     -83.36     -71.65      144.8      55.87      178.6      160.3      73.32      90.73      59.28     -30.66     -141.6     -45.83     -5.249      89.58      20.93      108.6      130.4      174.4      170.7     -76.49      153.8      11.36      85.45      195.8      6.416     -51.25      50.24     -67.21     -96.87      165.8      77.47     -138.5      12.29      194.5      142.3      89.22     -665.2      65.31
      3.046     -700.9        270      274.1      277.4     -144.4      26.38      57.41      57.41      57.41      57.41      245.2      50.15      271.9     -630.2      16.73      229.6      39.75      8.731        170      84.68     -220.4     -364.3     -26.88      209.8      110.9      120.5     -131.4     -4.963      212.3     -82.77      20.87     -258.8      65.19      92.66      156.4      217.8      73.01     -338.4      200.3      57.55      131.9      243.2      44.81     -42.19     -139.8       67.4     -358.7     -51.46      236.4     -156.2      58.32      242.3      123.8      210.3      65.31      -1486
